---
build/assets/images/banner-6401bc74.jpg: 2015-10-28 12:33:34.000000000 +01:00
build/assets/images/brug-296e15f6.jpg: 2015-10-28 12:33:33.000000000 +01:00
build/assets/images/brug-c1953bd2.png: 2015-10-28 12:33:35.000000000 +01:00
build/assets/images/hannes-b0b25605.png: 2015-10-28 12:33:34.000000000 +01:00
build/assets/images/joren-6269e4d8.jpeg: 2015-10-28 12:33:34.000000000 +01:00
build/assets/images/map-image-14192e7a.png: 2015-10-28 12:33:46.000000000 +01:00
build/assets/images/oana-b580bf44.jpg: 2015-10-28 12:33:35.000000000 +01:00
build/assets/images/railsgirls-335a49ee.png: 2015-10-28 12:33:43.000000000 +01:00
build/assets/images/railsgirls-e608152d.jpg: 2015-10-28 12:33:36.000000000 +01:00
build/assets/images/rubyburgers-54c13da2.jpg: 2015-10-28 12:33:36.000000000 +01:00
build/assets/images/rubycamp-1e1a2728.png: 2015-10-28 12:33:48.000000000 +01:00
build/assets/images/rubycamp-47041191.jpg: 2015-10-28 12:33:41.000000000 +01:00
build/assets/images/rubyjobs-939720ee.jpg: 2015-10-28 12:33:41.000000000 +01:00
build/assets/images/slack-d5b62c1c.png: 2015-10-28 12:33:43.000000000 +01:00
build/assets/images/toch-0d8ceaa7.jpeg: 2015-10-28 12:33:43.000000000 +01:00
build/assets/images/yannick-5aa1beeb.jpeg: 2015-10-28 12:33:43.000000000 +01:00
