---
build/assets/images/banner-6401bc74.jpg: 2016-02-12 15:03:21.000000000 +01:00
build/assets/images/brug-296e15f6.jpg: 2016-02-12 15:03:20.000000000 +01:00
build/assets/images/brug-c1953bd2.png: 2016-02-12 15:03:22.000000000 +01:00
build/assets/images/hannes-b0b25605.png: 2016-02-12 15:03:21.000000000 +01:00
build/assets/images/joren-6269e4d8.jpeg: 2016-02-12 15:03:20.000000000 +01:00
build/assets/images/map-image-14192e7a.png: 2016-02-12 15:03:30.000000000 +01:00
build/assets/images/oana-b580bf44.jpg: 2016-02-12 15:03:21.000000000 +01:00
build/assets/images/railsgirls-335a49ee.png: 2016-02-12 15:03:28.000000000 +01:00
build/assets/images/railsgirls-e608152d.jpg: 2016-02-12 15:03:22.000000000 +01:00
build/assets/images/rubyburgers-54c13da2.jpg: 2016-02-12 15:03:22.000000000 +01:00
build/assets/images/rubyburgers-e4766415.png: 2016-02-12 15:03:23.000000000 +01:00
build/assets/images/rubycamp-1e1a2728.png: 2016-02-12 15:03:33.000000000 +01:00
build/assets/images/rubycamp-47041191.jpg: 2016-02-12 15:03:26.000000000 +01:00
build/assets/images/rubyjobs-939720ee.jpg: 2016-02-12 15:03:27.000000000 +01:00
build/assets/images/slack-d5b62c1c.png: 2016-02-12 15:03:28.000000000 +01:00
build/assets/images/toch-0d8ceaa7.jpeg: 2016-02-12 15:03:28.000000000 +01:00
build/assets/images/yannick-5aa1beeb.jpeg: 2016-02-12 15:03:28.000000000 +01:00
